epoch,binary_accuracy,loss
0,0.625,0.26334363222122192
1,0.5,0.26314765214920044
2,0.5,0.26277846097946167
3,0.5,0.26225951313972473
4,0.5,0.26161378622055054
5,0.5,0.2608635425567627
6,0.5,0.26002979278564453
7,0.5,0.25913190841674805
8,0.5,0.25818762183189392
9,0.5,0.25721263885498047
10,0.5,0.25622063875198364
11,0.5,0.25522342324256897
12,0.5,0.25417980551719666
13,0.5,0.25295031070709229
14,0.5,0.25164198875427246
15,0.5,0.25027486681938171
16,0.5,0.24886509776115417
17,0.75,0.24742498993873596
18,0.75,0.246473029255867
19,0.75,0.24671657383441925
20,0.75,0.24682733416557312
21,0.75,0.24681594967842102
22,0.75,0.24669329822063446
23,0.75,0.24647051095962524
24,0.75,0.24615833163261414
25,0.75,0.24576732516288757
26,0.75,0.24530750513076782
27,0.75,0.24478833377361298
28,0.75,0.24421873688697815
29,0.75,0.24360691010951996
30,0.75,0.24296049773693085
31,0.75,0.24228638410568237
32,0.75,0.24159076809883118
33,0.75,0.24087931215763092
34,0.75,0.24015697836875916
35,0.75,0.23942813277244568
36,0.75,0.23869664967060089
37,0.75,0.23796090483665466
38,0.75,0.2372150719165802
39,0.75,0.23729346692562103
40,0.75,0.23717373609542847
41,0.75,0.23684993386268616
42,0.75,0.23633410036563873
43,0.75,0.23564118146896362
44,0.75,0.23478797078132629
45,0.75,0.23393607139587402
46,0.75,0.23363833129405975
47,0.75,0.23329941928386688
48,0.75,0.23292443156242371
49,0.75,0.23251816630363464
50,0.75,0.23208509385585785
51,0.75,0.23162940144538879
52,0.75,0.23115496337413788
53,0.75,0.23066520690917969
54,0.75,0.2301633358001709
55,0.75,0.22965218126773834
56,0.75,0.22913418710231781
57,0.75,0.22878336906433105
58,0.75,0.22845213115215302
59,0.75,0.22789788246154785
60,0.75,0.22747907042503357
61,0.75,0.22713837027549744
62,0.75,0.22677417099475861
63,0.75,0.22638952732086182
64,0.75,0.22598722577095032
65,0.75,0.22556987404823303
66,0.75,0.22513985633850098
67,0.75,0.22469942271709442
68,0.75,0.22425054013729095
69,0.75,0.22379502654075623
70,0.75,0.22360402345657349
71,0.75,0.22321993112564087
72,0.75,0.22260747849941254
73,0.75,0.22225558757781982
74,0.75,0.22188800573348999
75,0.75,0.2215067446231842
76,0.75,0.22111374139785767
77,0.75,0.22073706984519958
78,0.75,0.22035802900791168
79,0.75,0.22002340853214264
80,0.75,0.21967160701751709
81,0.75,0.21929839253425598
82,0.75,0.21890635788440704
83,0.75,0.21864193677902222
84,0.75,0.21815124154090881
85,0.75,0.21785418689250946
86,0.75,0.21754422783851624
87,0.75,0.21722975373268127
88,0.75,0.21689954400062561
89,0.75,0.21655543148517609
90,0.75,0.21619915962219238
91,0.75,0.21583238244056702
92,0.75,0.21545669436454773
93,0.75,0.21507357060909271
94,0.75,0.21468436717987061
95,0.75,0.21429035067558289
96,0.75,0.21395927667617798
97,0.75,0.21357271075248718
98,0.75,0.2132585346698761
99,0.75,0.21295233070850372
100,0.75,0.21263369917869568
101,0.75,0.21230404078960419
102,0.75,0.21197664737701416
103,0.75,0.21163633465766907
104,0.75,0.21127994358539581
105,0.75,0.2109096348285675
106,0.75,0.21054737269878387
107,0.75,0.21018202602863312
108,0.75,0.20994469523429871
109,0.75,0.20955866575241089
110,0.75,0.20922484993934631
111,0.75,0.20894092321395874
112,0.75,0.20864596962928772
113,0.75,0.20834110677242279
114,0.75,0.20802760124206543
115,0.75,0.20770667493343353
116,0.75,0.20737946033477783
117,0.75,0.20705233514308929
118,0.75,0.2067146897315979
119,0.75,0.2063729465007782
120,0.75,0.20603209733963013
121,0.75,0.20568953454494476
122,0.75,0.20559695363044739
123,0.75,0.20523431897163391
124,0.75,0.20479460060596466
125,0.75,0.20453174412250519
126,0.75,0.20426160097122192
127,0.75,0.20397791266441345
128,0.75,0.20369121432304382
129,0.75,0.20339852571487427
130,0.75,0.20310072600841522
131,0.75,0.20279878377914429
132,0.75,0.20249353349208832
133,0.75,0.20218576490879059
134,0.75,0.20187623798847198
135,0.75,0.20156560838222504
136,0.75,0.20139685273170471
137,0.75,0.20102930068969727
138,0.75,0.20076678693294525
139,0.75,0.20053507387638092
140,0.75,0.20028701424598694
141,0.75,0.2000243067741394
142,0.75,0.19975964725017548
143,0.75,0.19949658215045929
144,0.75,0.19922900199890137
145,0.75,0.1989576667547226
146,0.75,0.19868338108062744
147,0.75,0.19840678572654724
148,0.75,0.19812861084938049
149,0.75,0.19784919917583466
150,0.75,0.197569340467453
151,0.75,0.19728954136371613
152,0.75,0.19713890552520752
153,0.75,0.19680792093276978
154,0.75,0.19655792415142059
155,0.75,0.19634178280830383
156,0.75,0.19611978530883789
157,0.75,0.19589261710643768
158,0.75,0.19566082954406738
159,0.75,0.19542509317398071
160,0.75,0.19518600404262543
161,0.75,0.19494420289993286
162,0.75,0.19470363855361938
163,0.75,0.19445742666721344
164,0.75,0.19420918822288513
165,0.75,0.19396264851093292
166,0.75,0.193715900182724
167,0.75,0.19346931576728821
168,0.75,0.1932232528924942
169,0.75,0.19297806918621063
170,0.75,0.19285959005355835
171,0.75,0.19255912303924561
172,0.75,0.19233517348766327
173,0.75,0.19214488565921783
174,0.75,0.19195029139518738
175,0.75,0.19175928831100464
176,0.75,0.19155797362327576
177,0.75,0.19134604930877686
178,0.75,0.19113913178443909
179,0.75,0.19093027710914612
180,0.75,0.19071966409683228
181,0.75,0.19050776958465576
182,0.75,0.19029499590396881
183,0.75,0.19008174538612366
184,0.75,0.18986836075782776
185,0.75,0.18965518474578857
186,0.75,0.18944250047206879
187,0.75,0.18923035264015198
188,0.75,0.18901848793029785
189,0.75,0.18883493542671204
190,0.75,0.18862277269363403
191,0.75,0.18843607604503632
192,0.75,0.18824790418148041
193,0.75,0.18805861473083496
194,0.75,0.18786853551864624
195,0.75,0.18767791986465454
196,0.75,0.18748709559440613
197,0.75,0.1873500645160675
198,0.75,0.18712835013866425
199,0.75,0.18695831298828125
200,0.75,0.18678639829158783
201,0.75,0.18661290407180786
202,0.75,0.18643814325332642
203,0.75,0.1862623393535614
204,0.75,0.18608576059341431
205,0.75,0.1859087347984314
206,0.75,0.18573287129402161
207,0.75,0.1855543851852417
208,0.75,0.1853775680065155
209,0.75,0.18520113825798035
210,0.75,0.18505831062793732
211,0.75,0.18486985564231873
212,0.75,0.1847137063741684
213,0.75,0.18455494940280914
214,0.75,0.18439593911170959
215,0.75,0.18423609435558319
216,0.75,0.18407568335533142
217,0.75,0.18391487002372742
218,0.75,0.18375398218631744
219,0.75,0.18359307944774628
220,0.75,0.18343243002891541
221,0.75,0.18327216804027557
222,0.75,0.18318796157836914
223,0.75,0.18297058343887329
224,0.75,0.18282748758792877
225,0.75,0.18268334865570068
226,0.75,0.18254104256629944
227,0.75,0.18239282071590424
228,0.75,0.18224678933620453
229,0.75,0.18210041522979736
230,0.75,0.18195389211177826
231,0.75,0.18180741369724274
232,0.75,0.18166109919548035
233,0.75,0.181515172123909
234,0.75,0.18136967718601227
235,0.75,0.18127858638763428
236,0.75,0.18109537661075592
237,0.75,0.18096503615379333
238,0.75,0.18083514273166656
239,0.75,0.18070222437381744
240,0.75,0.18057000637054443
241,0.75,0.18043743073940277
242,0.75,0.18030460178852081
243,0.75,0.1801716685295105
244,0.75,0.18003880977630615
245,0.75,0.17990615963935852
246,0.75,0.17977382242679596
247,0.75,0.17964193224906921
248,0.75,0.17951062321662903
249,0.75,0.17942249774932861
250,0.75,0.1792624294757843
251,0.75,0.1791442334651947
252,0.75,0.17902584373950958
253,0.75,0.17890635132789612
254,0.75,0.17878685891628265
255,0.75,0.1786670982837677
256,0.75,0.178547203540802
257,0.75,0.1784273087978363
258,0.75,0.17830748856067657
259,0.75,0.17818789184093475
260,0.75,0.17806863784790039
261,0.75,0.17794972658157349
262,0.75,0.17783135175704956
263,0.75,0.177713543176651
264,0.75,0.17761716246604919
265,0.75,0.17749017477035522
266,0.75,0.17738349735736847
267,0.75,0.1772778183221817
268,0.75,0.17716921865940094
269,0.75,0.17706175148487091
270,0.75,0.17695410549640656
271,0.75,0.17684641480445862
272,0.75,0.17673872411251068
273,0.75,0.17663118243217468
274,0.75,0.17652378976345062
275,0.75,0.17641671001911163
276,0.75,0.17631003260612488
277,0.75,0.17620375752449036
278,0.75,0.17609798908233643
279,0.75,0.17599277198314667
280,0.75,0.17588818073272705
281,0.75,0.17580506205558777
282,0.75,0.17568892240524292
283,0.75,0.17559422552585602
284,0.75,0.17549793422222137
285,0.75,0.17540229856967926
286,0.75,0.17530648410320282
287,0.75,0.1752106249332428
288,0.75,0.17511478066444397
289,0.75,0.17501899600028992
290,0.75,0.17492340505123138
291,0.75,0.17482799291610718
292,0.75,0.17473284900188446
293,0.75,0.17463803291320801
294,0.75,0.1745435893535614
295,0.75,0.17444959282875061
296,0.75,0.17435605823993683
297,0.75,0.17426303029060364
298,0.75,0.17417055368423462
299,0.75,0.17407861351966858
